
************ plikHM_TT_lowTEB ************
+----------------------+----------+----------+----------+----------+---------------+--------------+----------------+------------+--------+--------------------------+--------------------------+
|                      | chain1   | chain2   | chain3   | chain4   | Mean_lnE_k1   | Err_lnE_k1   | delta_lnE_k1   | PriorVol   | ndim   | N_read                   | N_used                   |
|----------------------+----------+----------+----------+----------+---------------+--------------+----------------+------------+--------+--------------------------+--------------------------|
| base                 | -5668.43 | -5668.13 | -5668.26 | -5668.25 | -5668.27      | 0.06         | -0.78          | 1.00       | 6      | 6778,6704,6669,6711,     | 6778,6704,6669,6711,     |
| base_omegak          | -5667.47 | -5667.49 | -5667.38 | -5667.61 | -5667.49      | 0.05         | 0.00           | 0.60       | 7      | 7284,7147,7330,6657,     | 7284,7147,7330,6657,     |
| base_Alens           | -5669.21 | -5669.15 | -5669.16 | -5669.11 | -5669.16      | 0.02         | -1.67          | 10.00      | 7      | 11646,11469,11638,11560, | 11646,11469,11638,11560, |
| base_Alensf          | -5669.14 | -5669.26 | -5669.22 | -5669.07 | -5669.17      | 0.04         | -1.69          | 10.00      | 7      | 10092,10100,10078,10141, | 10092,10100,10078,10141, |
| base_nnu             | -5670.91 | -5670.91 | -5670.97 | -5670.94 | -5670.93      | 0.01         | -3.44          | 9.95       | 7      | 16976,16685,16765,16691, | 16976,16685,16765,16691, |
| base_mnu             | -5671.13 | -5671.32 | -5671.19 | -5671.16 | -5671.20      | 0.04         | -3.71          | 5.00       | 7      | 10961,10780,10801,10878, | 10961,10780,10801,10878, |
| base_nrun            | -5672.53 | -5672.65 | -5672.55 | -5672.48 | -5672.55      | 0.04         | -5.06          | 2.00       | 7      | 11324,11221,11233,11407, | 11324,11221,11233,11407, |
| base_r               | -5672.39 | -5672.37 | -5672.38 | -5672.41 | -5672.39      | 0.01         | -4.90          | 3.00       | 7      | 24769,24705,24664,24748, | 24769,24705,24664,24748, |
| base_w               | -5668.67 | -5668.77 | -5668.71 | -5668.75 | -5668.73      | 0.02         | -1.24          | 4.00       | 7      | 6391,6365,6317,6439,     | 6391,6365,6317,6439,     |
| base_alpha1          | -5673.95 | -5673.84 | -5673.91 | -5673.86 | -5673.89      | 0.02         | -6.41          | 2.00       | 7      | 13781,13709,13565,13559, | 13781,13709,13565,13559, |
| base_yhe             | -5670.39 | -5670.44 | -5670.38 | -5670.51 | -5670.43      | 0.03         | -2.94          | 0.40       | 7      | 9408,9461,9390,9472,     | 9408,9461,9390,9472,     |
| base_nnu_mnu         | -5674.18 | -5674.10 | -5674.02 | -5674.21 | -5674.13      | 0.04         | -6.64          | 49.75      | 8      | 14528,14747,14570,14487, | 14528,14747,14570,14487, |
| base_nrun_r          | -5676.51 | -5676.59 | -5676.55 | -5676.56 | -5676.55      | 0.02         | -9.07          | 6.00       | 8      | 13641,13634,13686,13706, | 13641,13634,13686,13706, |
| base_nnu_yhe         | -5672.85 | -5672.83 | -5672.73 | -5672.72 | -5672.78      | 0.04         | -5.30          | 3.98       | 8      | 23469,22804,23122,23301, | 23469,22804,23122,23301, |
| base_nnu_meffsterile | -5673.75 | -5673.62 | -5673.67 | -5673.75 | -5673.70      | 0.03         | -6.21          | 20.86      | 8      | 21323,20974,21274,21691, | 21323,20974,21274,21691, |
+----------------------+----------+----------+----------+----------+---------------+--------------+----------------+------------+--------+--------------------------+--------------------------+

************ plikHM_TT_lowTEB_post_BAO ************
+--------------+----------+----------+----------+----------+---------------+--------------+----------------+------------+--------+----------------------+----------------------+
|              | chain1   | chain2   | chain3   | chain4   | Mean_lnE_k1   | Err_lnE_k1   | delta_lnE_k1   | PriorVol   | ndim   | N_read               | N_used               |
|--------------+----------+----------+----------+----------+---------------+--------------+----------------+------------+--------+----------------------+----------------------|
| base         | -5670.99 | -5670.95 | -5670.86 | -5670.92 | -5670.93      | 0.03         | 0.00           | 1.00       | 6      | 1523,1524,1527,1519, | 1523,1524,1527,1519, |
| base_Alens   | -5671.91 | -5671.88 | -5671.59 | -5671.70 | -5671.77      | 0.08         | -0.84          | 10.00      | 7      | 2695,2673,2677,2675, | 2695,2673,2677,2675, |
| base_nrun    | -5674.89 | -5674.82 | -5674.98 | -5674.92 | -5674.90      | 0.03         | -3.97          | 2.00       | 7      | 2580,2554,2579,2576, | 2580,2554,2579,2576, |
| base_r       | -5674.81 | -5674.89 | -5674.87 | -5674.72 | -5674.82      | 0.04         | -3.89          | 3.00       | 7      | 5836,5861,5800,5794, | 5836,5861,5800,5794, |
| base_alpha1  | -5676.46 | -5676.49 | -5676.51 | -5676.48 | -5676.48      | 0.01         | -5.55          | 2.00       | 7      | 3359,3332,3322,3338, | 3359,3332,3322,3338, |
| base_yhe     | -5672.77 | -5672.82 | -5672.73 | -5672.86 | -5672.79      | 0.03         | -1.87          | 0.40       | 7      | 2150,2161,2146,2168, | 2150,2161,2146,2168, |
| base_nnu_mnu | -5677.01 | -5677.14 | -5677.09 | -5676.99 | -5677.06      | 0.03         | -6.13          | 49.75      | 8      | 3488,3554,3510,3472, | 3488,3554,3510,3472, |
| base_nrun_r  | -5678.56 | -5678.65 | -5678.48 | -5678.62 | -5678.58      | 0.04         | -7.65          | 6.00       | 8      | 4730,4743,4745,4753, | 4730,4743,4745,4753, |
| base_nnu_yhe | -5675.22 | -5675.39 | -5675.33 | -5675.30 | -5675.31      | 0.03         | -4.38          | 3.98       | 8      | 6293,6236,6244,6297, | 6293,6236,6244,6297, |
+--------------+----------+----------+----------+----------+---------------+--------------+----------------+------------+--------+----------------------+----------------------+

************ plikHM_TT_lowTEB_post_lensing ************
+--------------+----------+----------+----------+----------+---------------+--------------+----------------+------------+--------+----------------------+----------------------+
|              | chain1   | chain2   | chain3   | chain4   | Mean_lnE_k1   | Err_lnE_k1   | delta_lnE_k1   | PriorVol   | ndim   | N_read               | N_used               |
|--------------+----------+----------+----------+----------+---------------+--------------+----------------+------------+--------+----------------------+----------------------|
| base_nnu     | -5675.75 | -5675.91 | -5675.68 | -5675.99 | -5675.83      | 0.07         | -1.72          | 5.61       | 7      | 4037,4045,4031,4036, | 4037,4045,4031,4036, |
| base_nrun    | -5677.89 | -5677.77 | -5677.90 | -5678.00 | -5677.89      | 0.05         | -3.78          | 1.13       | 7      | 2580,2554,2579,2576, | 2580,2554,2579,2576, |
| base_w       | -5674.12 | -5673.96 | -5674.26 | -5674.11 | -5674.11      | 0.06         | 0.00           | 2.26       | 7      | 2172,2188,2158,2203, | 2172,2188,2158,2203, |
| base_alpha1  | -5679.29 | -5679.29 | -5679.19 | -5679.22 | -5679.25      | 0.02         | -5.14          | 1.13       | 7      | 3358,3331,3321,3337, | 3358,3331,3321,3337, |
| base_yhe     | -5675.23 | -5675.29 | -5675.24 | -5675.20 | -5675.24      | 0.02         | -1.13          | 0.23       | 7      | 2150,2161,2146,2168, | 2150,2161,2146,2168, |
| base_nnu_yhe | -5677.51 | -5677.71 | -5677.54 | -5677.69 | -5677.61      | 0.05         | -3.50          | 2.25       | 8      | 6301,6253,6260,6301, | 6301,6253,6260,6301, |
+--------------+----------+----------+----------+----------+---------------+--------------+----------------+------------+--------+----------------------+----------------------+

************ plikHM_TT_lowTEB_post_H070p6 ************
+--------------+----------+----------+----------+----------+---------------+--------------+----------------+------------+--------+----------------------+----------------------+
|              | chain1   | chain2   | chain3   | chain4   | Mean_lnE_k1   | Err_lnE_k1   | delta_lnE_k1   | PriorVol   | ndim   | N_read               | N_used               |
|--------------+----------+----------+----------+----------+---------------+--------------+----------------+------------+--------+----------------------+----------------------|
| base         | -5668.71 | -5668.62 | -5668.53 | -5668.59 | -5668.61      | 0.04         | 0.00           | 1.00       | 6      | 1523,1524,1527,1519, | 1523,1524,1527,1519, |
| base_Alens   | -5668.99 | -5668.91 | -5668.62 | -5668.78 | -5668.83      | 0.08         | -0.21          | 10.00      | 7      | 2700,2677,2679,2676, | 2700,2677,2679,2676, |
| base_nnu     | -5670.91 | -5671.03 | -5670.90 | -5671.10 | -5670.99      | 0.05         | -2.37          | 9.95       | 7      | 4037,4045,4031,4036, | 4037,4045,4031,4036, |
| base_mnu     | -5671.70 | -5671.81 | -5671.81 | -5671.66 | -5671.74      | 0.04         | -3.13          | 5.00       | 7      | 2798,2782,2766,2791, | 2798,2782,2766,2791, |
| base_nrun    | -5672.54 | -5672.45 | -5672.62 | -5672.54 | -5672.54      | 0.03         | -3.93          | 2.00       | 7      | 2580,2554,2579,2576, | 2580,2554,2579,2576, |
| base_r       | -5672.49 | -5672.55 | -5672.55 | -5672.39 | -5672.50      | 0.04         | -3.88          | 3.00       | 7      | 5836,5861,5800,5794, | 5836,5861,5800,5794, |
| base_w       | -5670.15 | -5670.11 | -5670.31 | -5670.39 | -5670.24      | 0.07         | -1.63          | 4.00       | 7      | 2172,2188,2158,2203, | 2172,2188,2158,2203, |
| base_alpha1  | -5674.00 | -5674.06 | -5674.03 | -5674.04 | -5674.03      | 0.01         | -5.42          | 2.00       | 7      | 3359,3332,3322,3338, | 3359,3332,3322,3338, |
| base_yhe     | -5670.35 | -5670.41 | -5670.30 | -5670.38 | -5670.36      | 0.02         | -1.75          | 0.40       | 7      | 2150,2161,2146,2168, | 2150,2161,2146,2168, |
| base_nnu_mnu | -5674.25 | -5674.33 | -5674.33 | -5674.19 | -5674.28      | 0.03         | -5.66          | 49.75      | 8      | 3856,3906,3884,3869, | 3856,3906,3884,3869, |
| base_nrun_r  | -5676.21 | -5676.29 | -5676.02 | -5676.17 | -5676.17      | 0.05         | -7.56          | 6.00       | 8      | 3312,3322,3323,3329, | 3312,3322,3323,3329, |
| base_nnu_yhe | -5672.69 | -5672.88 | -5672.82 | -5672.82 | -5672.80      | 0.04         | -4.19          | 3.98       | 8      | 6301,6253,6260,6301, | 6301,6253,6260,6301, |
+--------------+----------+----------+----------+----------+---------------+--------------+----------------+------------+--------+----------------------+----------------------+

************ plikHM_TT_lowTEB_post_JLA ************
+-------------+----------+----------+----------+----------+---------------+--------------+----------------+------------+--------+----------------------+----------------------+
|             | chain1   | chain2   | chain3   | chain4   | Mean_lnE_k1   | Err_lnE_k1   | delta_lnE_k1   | PriorVol   | ndim   | N_read               | N_used               |
|-------------+----------+----------+----------+----------+---------------+--------------+----------------+------------+--------+----------------------+----------------------|
| base        | -6021.69 | -6021.61 | -6021.51 | -6021.58 | -6021.60      | 0.04         | 0.00           | 1.00       | 6      | 1523,1524,1527,1519, | 1523,1524,1527,1519, |
| base_Alens  | -6022.15 | -6022.07 | -6021.79 | -6021.93 | -6021.99      | 0.08         | -0.39          | 10.00      | 7      | 2700,2677,2679,2676, | 2700,2677,2679,2676, |
| base_nnu    | -6024.04 | -6024.07 | -6023.93 | -6024.11 | -6024.04      | 0.04         | -2.44          | 9.95       | 7      | 5765,5776,5756,5764, | 5765,5776,5756,5764, |
| base_mnu    | -6024.67 | -6024.78 | -6024.78 | -6024.64 | -6024.72      | 0.04         | -3.12          | 5.00       | 7      | 2798,2782,2766,2791, | 2798,2782,2766,2791, |
| base_nrun   | -6025.55 | -6025.47 | -6025.63 | -6025.55 | -6025.55      | 0.03         | -3.95          | 2.00       | 7      | 2580,2554,2579,2576, | 2580,2554,2579,2576, |
| base_r      | -6025.50 | -6025.55 | -6025.55 | -6025.42 | -6025.50      | 0.03         | -3.91          | 3.00       | 7      | 6212,6247,6193,6185, | 6212,6247,6193,6185, |
| base_w      | -6024.53 | -6024.54 | -6024.74 | -6024.93 | -6024.68      | 0.10         | -3.08          | 4.00       | 7      | 2172,2188,2158,2203, | 2172,2188,2158,2203, |
| base_alpha1 | -6026.97 | -6027.01 | -6027.04 | -6027.04 | -6027.02      | 0.02         | -5.42          | 2.00       | 7      | 4797,4758,4743,4766, | 4797,4758,4743,4766, |
| base_yhe    | -6023.37 | -6023.44 | -6023.32 | -6023.42 | -6023.39      | 0.03         | -1.79          | 0.40       | 7      | 2150,2161,2146,2168, | 2150,2161,2146,2168, |
| base_nrun_r | -6029.20 | -6029.28 | -6029.11 | -6029.25 | -6029.21      | 0.04         | -7.61          | 6.00       | 8      | 4730,4743,4745,4753, | 4730,4743,4745,4753, |
+-------------+----------+----------+----------+----------+---------------+--------------+----------------+------------+--------+----------------------+----------------------+

************ plikHM_TT_lowTEB_post_zre6p5 ************
+-------------+----------+----------+----------+----------+---------------+--------------+----------------+------------+--------+----------------------+----------------------+
|             | chain1   | chain2   | chain3   | chain4   | Mean_lnE_k1   | Err_lnE_k1   | delta_lnE_k1   | PriorVol   | ndim   | N_read               | N_used               |
|-------------+----------+----------+----------+----------+---------------+--------------+----------------+------------+--------+----------------------+----------------------|
| base        | -5668.23 | -5668.17 | -5668.09 | -5668.11 | -5668.15      | 0.03         | 0.00           | 1.00       | 6      | 1481,1483,1478,1475, | 1481,1483,1478,1475, |
| base_Alens  | -5668.92 | -5668.94 | -5668.62 | -5668.83 | -5668.83      | 0.07         | -0.68          | 10.00      | 7      | 2051,2048,2055,2044, | 2051,2048,2055,2044, |
| base_nnu    | -5670.46 | -5670.59 | -5670.45 | -5670.67 | -5670.54      | 0.05         | -2.39          | 9.95       | 7      | 3888,3912,3858,3904, | 3888,3912,3858,3904, |
| base_mnu    | -5670.77 | -5670.96 | -5670.95 | -5670.79 | -5670.87      | 0.05         | -2.72          | 5.00       | 7      | 2707,2696,2683,2724, | 2707,2696,2683,2724, |
| base_nrun   | -5672.10 | -5672.02 | -5672.20 | -5672.11 | -5672.11      | 0.04         | -3.96          | 2.00       | 7      | 2537,2501,2530,2531, | 2537,2501,2530,2531, |
| base_r      | -5672.04 | -5672.09 | -5672.08 | -5671.95 | -5672.04      | 0.03         | -3.89          | 3.00       | 7      | 5616,5647,5590,5604, | 5616,5647,5590,5604, |
| base_w      | -5668.29 | -5668.16 | -5668.32 | -5668.30 | -5668.27      | 0.04         | -0.12          | 4.00       | 7      | 2054,2081,2055,2111, | 2054,2081,2055,2111, |
| base_alpha1 | -5673.45 | -5673.54 | -5673.48 | -5673.49 | -5673.49      | 0.02         | -5.34          | 2.00       | 7      | 3314,3287,3271,3300, | 3314,3287,3271,3300, |
| base_yhe    | -5669.95 | -5670.01 | -5669.89 | -5669.98 | -5669.96      | 0.03         | -1.81          | 0.40       | 7      | 2074,2089,2088,2082, | 2074,2089,2088,2082, |
| base_nrun_r | -5675.78 | -5675.85 | -5675.71 | -5675.83 | -5675.79      | 0.03         | -7.64          | 6.00       | 8      | 4648,4653,4671,4702, | 4648,4653,4671,4702, |
+-------------+----------+----------+----------+----------+---------------+--------------+----------------+------------+--------+----------------------+----------------------+

************ plikHM_TT_lowTEB_post_BAO_H070p6_JLA ************
+--------------+----------+----------+----------+----------+---------------+--------------+----------------+------------+--------+----------------------+----------------------+
|              | chain1   | chain2   | chain3   | chain4   | Mean_lnE_k1   | Err_lnE_k1   | delta_lnE_k1   | PriorVol   | ndim   | N_read               | N_used               |
|--------------+----------+----------+----------+----------+---------------+--------------+----------------+------------+--------+----------------------+----------------------|
| base_nnu_mnu | -6030.09 | -6030.21 | -6030.14 | -6030.06 | -6030.13      | 0.03         | -1.67          | 28.06      | 8      | 3488,3554,3510,3472, | 3488,3554,3510,3472, |
| base_nnu_yhe | -6028.36 | -6028.53 | -6028.48 | -6028.45 | -6028.45      | 0.04         | 0.00           | 2.25       | 8      | 6292,6235,6243,6296, | 6292,6235,6243,6296, |
+--------------+----------+----------+----------+----------+---------------+--------------+----------------+------------+--------+----------------------+----------------------+

************ plikHM_TT_lowTEB_post_lensing_BAO_H070p6_JLA ************
+-------------+----------+----------+----------+----------+---------------+--------------+----------------+------------+--------+----------------------+----------------------+
|             | chain1   | chain2   | chain3   | chain4   | Mean_lnE_k1   | Err_lnE_k1   | delta_lnE_k1   | PriorVol   | ndim   | N_read               | N_used               |
|-------------+----------+----------+----------+----------+---------------+--------------+----------------+------------+--------+----------------------+----------------------|
| base_nrun   | -6034.27 | -6034.18 | -6034.25 | -6034.42 | -6034.28      | 0.05         | -2.56          | 1.13       | 7      | 2580,2554,2579,2576, | 2580,2554,2579,2576, |
| base_alpha1 | -6035.67 | -6035.69 | -6035.71 | -6035.60 | -6035.67      | 0.02         | -3.95          | 1.13       | 7      | 4797,4758,4743,4766, | 4797,4758,4743,4766, |
| base_yhe    | -6031.71 | -6031.75 | -6031.72 | -6031.71 | -6031.72      | 0.01         | 0.00           | 0.23       | 7      | 2150,2161,2146,2168, | 2150,2161,2146,2168, |
+-------------+----------+----------+----------+----------+---------------+--------------+----------------+------------+--------+----------------------+----------------------+

************ plikHM_TT_lowTEB_BAO ************
+----------------------+----------+----------+----------+----------+---------------+--------------+----------------+------------+--------+--------------------------+--------------------------+
|                      | chain1   | chain2   | chain3   | chain4   | Mean_lnE_k1   | Err_lnE_k1   | delta_lnE_k1   | PriorVol   | ndim   | N_read                   | N_used                   |
|----------------------+----------+----------+----------+----------+---------------+--------------+----------------+------------+--------+--------------------------+--------------------------|
| base_omegak          | -5675.26 | -5675.18 | -5675.35 | -5675.05 | -5675.21      | 0.06         | -1.72          | 0.34       | 7      | 8195,8321,8252,8242,     | 8195,8321,8252,8242,     |
| base_nnu             | -5673.43 | -5673.64 | -5673.48 | -5673.43 | -5673.49      | 0.05         | 0.00           | 5.61       | 7      | 9534,9595,9546,9547,     | 9534,9595,9546,9547,     |
| base_mnu             | -5674.02 | -5673.94 | -5674.06 | -5674.03 | -5674.01      | 0.03         | -0.52          | 2.82       | 7      | 12616,12743,12554,12578, | 12616,12743,12554,12578, |
| base_w               | -5673.85 | -5673.84 | -5673.72 | -5673.58 | -5673.75      | 0.06         | -0.26          | 2.26       | 7      | 11033,11080,10986,11022, | 11033,11080,10986,11022, |
| base_w_wa            | -5673.83 | -5673.70 | -5673.74 | -5673.60 | -5673.72      | 0.05         | -0.22          | 11.28      | 8      | 10062,11949,11915,11816, | 10062,11949,11915,11816, |
| base_nnu_meffsterile | -5676.45 | -5676.47 | -5676.33 | -5676.53 | -5676.45      | 0.04         | -2.95          | 11.77      | 8      | 23386,23544,22939,23259, | 23386,23544,22939,23259, |
+----------------------+----------+----------+----------+----------+---------------+--------------+----------------+------------+--------+--------------------------+--------------------------+

************ plikHM_TT_lowTEB_BAO_post_lensing ************
+-------------+----------+----------+----------+----------+---------------+--------------+----------------+------------+--------+----------------------+----------------------+
|             | chain1   | chain2   | chain3   | chain4   | Mean_lnE_k1   | Err_lnE_k1   | delta_lnE_k1   | PriorVol   | ndim   | N_read               | N_used               |
|-------------+----------+----------+----------+----------+---------------+--------------+----------------+------------+--------+----------------------+----------------------|
| base_omegak | -5680.51 | -5680.48 | -5680.22 | -5680.30 | -5680.38      | 0.07         | -1.50          | 0.34       | 7      | 1898,1896,1908,1892, | 1898,1896,1908,1892, |
| base_nnu    | -5679.03 | -5679.02 | -5678.73 | -5678.71 | -5678.87      | 0.09         | 0.00           | 5.61       | 7      | 2217,2202,2215,2208, | 2217,2202,2215,2208, |
| base_w      | -5679.18 | -5679.12 | -5679.14 | -5679.01 | -5679.11      | 0.04         | -0.24          | 2.26       | 7      | 2512,2514,2506,2510, | 2512,2514,2506,2510, |
| base_w_wa   | -5679.26 | -5679.36 | -5679.17 | -5679.20 | -5679.25      | 0.04         | -0.37          | 11.28      | 8      | 2557,2827,2811,2809, | 2557,2827,2811,2809, |
+-------------+----------+----------+----------+----------+---------------+--------------+----------------+------------+--------+----------------------+----------------------+

************ plikHM_TT_lowTEB_BAO_post_H070p6 ************
+----------------------+----------+----------+----------+----------+---------------+--------------+----------------+------------+--------+----------------------+----------------------+
|                      | chain1   | chain2   | chain3   | chain4   | Mean_lnE_k1   | Err_lnE_k1   | delta_lnE_k1   | PriorVol   | ndim   | N_read               | N_used               |
|----------------------+----------+----------+----------+----------+---------------+--------------+----------------+------------+--------+----------------------+----------------------|
| base_mnu             | -5673.95 | -5674.15 | -5674.06 | -5673.91 | -5674.02      | 0.05         | 0.00           | 2.82       | 7      | 3042,3022,3019,3026, | 3042,3022,3019,3026, |
| base_nnu_meffsterile | -5676.07 | -5676.17 | -5676.00 | -5676.10 | -5676.09      | 0.04         | -2.07          | 11.77      | 8      | 7229,7290,7247,7341, | 7229,7290,7247,7341, |
+----------------------+----------+----------+----------+----------+---------------+--------------+----------------+------------+--------+----------------------+----------------------+

************ plikHM_TT_lowTEB_BAO_post_H070p6_JLA ************
+----------------------+----------+----------+----------+----------+---------------+--------------+----------------+------------+--------+----------------------+----------------------+
|                      | chain1   | chain2   | chain3   | chain4   | Mean_lnE_k1   | Err_lnE_k1   | delta_lnE_k1   | PriorVol   | ndim   | N_read               | N_used               |
|----------------------+----------+----------+----------+----------+---------------+--------------+----------------+------------+--------+----------------------+----------------------|
| base_nnu             | -6026.77 | -6026.80 | -6026.58 | -6026.51 | -6026.66      | 0.07         | 0.00           | 5.61       | 7      | 2217,2202,2215,2208, | 2217,2202,2215,2208, |
| base_mnu             | -6027.32 | -6027.52 | -6027.44 | -6027.28 | -6027.39      | 0.05         | -0.72          | 2.82       | 7      | 3042,3022,3019,3026, | 3042,3022,3019,3026, |
| base_nnu_meffsterile | -6029.44 | -6029.53 | -6029.35 | -6029.46 | -6029.45      | 0.04         | -2.78          | 11.77      | 8      | 7229,7290,7247,7341, | 7229,7290,7247,7341, |
+----------------------+----------+----------+----------+----------+---------------+--------------+----------------+------------+--------+----------------------+----------------------+

************ plikHM_TT_lowTEB_lensing ************
+------------------------+----------+----------+----------+----------+---------------+--------------+----------------+------------+--------+--------------------------+--------------------------+
|                        | chain1   | chain2   | chain3   | chain4   | Mean_lnE_k1   | Err_lnE_k1   | delta_lnE_k1   | PriorVol   | ndim   | N_read                   | N_used                   |
|------------------------+----------+----------+----------+----------+---------------+--------------+----------------+------------+--------+--------------------------+--------------------------|
| base                   | -5674.17 | -5674.16 | -5674.23 | -5674.17 | -5674.18      | 0.02         | 0.00           | 1.00       | 6      | 8683,8761,8757,8680,     | 8683,8761,8757,8680,     |
| base_omegak            | -5677.70 | -5677.74 | -5677.57 | -5677.77 | -5677.70      | 0.04         | -3.51          | 0.60       | 7      | 8372,8353,8233,8503,     | 8372,8353,8233,8503,     |
| base_Alens             | -5678.27 | -5678.24 | -5678.29 | -5678.21 | -5678.25      | 0.02         | -4.07          | 10.00      | 7      | 14024,13984,13925,13935, | 14024,13984,13925,13935, |
| base_Alensf            | -5674.75 | -5674.81 | -5674.83 | -5674.78 | -5674.79      | 0.02         | -0.61          | 10.00      | 7      | 15589,15718,15704,15665, | 15589,15718,15704,15665, |
| base_mnu               | -5676.69 | -5676.57 | -5676.70 | -5676.74 | -5676.67      | 0.04         | -2.49          | 5.00       | 7      | 11887,11933,11846,11871, | 11887,11933,11846,11871, |
| base_r                 | -5678.15 | -5678.10 | -5678.10 | -5678.20 | -5678.14      | 0.03         | -3.95          | 3.00       | 7      | 17843,17787,17665,17650, | 17843,17787,17665,17650, |
| base_Aphiphi           | -5677.95 | -5678.06 | -5677.98 | -5677.96 | -5677.99      | 0.02         | -3.80          | 10.00      | 7      | 14677,14517,14273,14507, | 14677,14517,14273,14507, |
| base_nnu_mnu           | -5679.51 | -5679.50 | -5679.68 | -5679.63 | -5679.58      | 0.04         | -5.40          | 49.75      | 8      | 18004,17841,18020,17766, | 18004,17841,18020,17766, |
| base_nrun_r            | -5682.83 | -5682.87 | -5682.88 | -5682.88 | -5682.87      | 0.01         | -8.68          | 6.00       | 8      | 15588,15568,15658,15664, | 15588,15568,15658,15664, |
| base_nnu_meffsterile   | -5679.42 | -5679.61 | -5679.46 | -5679.54 | -5679.51      | 0.04         | -5.32          | 20.86      | 8      | 24451,24484,24148,24517, | 24451,24484,24148,24517, |
| base_nnu_meffsterile_r | -5683.48 | -5683.50 | -5683.62 | -5683.35 | -5683.49      | 0.06         | -9.30          | 62.59      | 9      | 13314,13413,13631,13188, | 13314,13413,13631,13188, |
+------------------------+----------+----------+----------+----------+---------------+--------------+----------------+------------+--------+--------------------------+--------------------------+

************ plikHM_TT_lowTEB_lensing_post_BAO ************
+--------------+----------+----------+----------+----------+---------------+--------------+----------------+------------+--------+----------------------+----------------------+
|              | chain1   | chain2   | chain3   | chain4   | Mean_lnE_k1   | Err_lnE_k1   | delta_lnE_k1   | PriorVol   | ndim   | N_read               | N_used               |
|--------------+----------+----------+----------+----------+---------------+--------------+----------------+------------+--------+----------------------+----------------------|
| base         | -5676.68 | -5676.60 | -5676.79 | -5676.55 | -5676.66      | 0.05         | 0.00           | 1.00       | 6      | 1988,1974,1981,1974, | 1988,1974,1981,1974, |
| base_Alens   | -5680.73 | -5680.75 | -5680.68 | -5680.66 | -5680.70      | 0.02         | -4.05          | 10.00      | 7      | 3190,3165,3159,3161, | 3190,3165,3159,3161, |
| base_r       | -5680.58 | -5680.46 | -5680.41 | -5680.51 | -5680.49      | 0.03         | -3.84          | 3.00       | 7      | 4361,4354,4336,4347, | 4361,4354,4336,4347, |
| base_nnu_mnu | -5682.62 | -5682.50 | -5682.73 | -5682.60 | -5682.61      | 0.05         | -5.96          | 49.75      | 8      | 3945,3929,4073,3983, | 3945,3929,4073,3983, |
| base_nrun_r  | -5684.81 | -5684.87 | -5684.94 | -5684.86 | -5684.87      | 0.03         | -8.21          | 6.00       | 8      | 3819,3792,3799,3799, | 3819,3792,3799,3799, |
+--------------+----------+----------+----------+----------+---------------+--------------+----------------+------------+--------+----------------------+----------------------+

************ plikHM_TT_lowTEB_lensing_post_zre6p5 ************
+-------------+----------+----------+----------+----------+---------------+--------------+----------------+------------+--------+----------------------+----------------------+
|             | chain1   | chain2   | chain3   | chain4   | Mean_lnE_k1   | Err_lnE_k1   | delta_lnE_k1   | PriorVol   | ndim   | N_read               | N_used               |
|-------------+----------+----------+----------+----------+---------------+--------------+----------------+------------+--------+----------------------+----------------------|
| base        | -5674.06 | -5674.01 | -5674.20 | -5673.89 | -5674.04      | 0.06         | 0.00           | 1.00       | 6      | 1855,1811,1809,1836, | 1855,1811,1809,1836, |
| base_r      | -5677.96 | -5677.82 | -5677.77 | -5677.85 | -5677.85      | 0.04         | -3.81          | 3.00       | 7      | 4096,3977,4048,4020, | 4096,3977,4048,4020, |
| base_nrun_r | -5682.11 | -5682.15 | -5682.22 | -5682.10 | -5682.14      | 0.03         | -8.10          | 6.00       | 8      | 3616,3572,3563,3615, | 3616,3572,3563,3615, |
+-------------+----------+----------+----------+----------+---------------+--------------+----------------+------------+--------+----------------------+----------------------+

************ plikHM_TT_lowTEB_lensing_post_BAO_H070p6_JLA ************
+-------------+----------+----------+----------+----------+---------------+--------------+----------------+------------+--------+----------------------+----------------------+
|             | chain1   | chain2   | chain3   | chain4   | Mean_lnE_k1   | Err_lnE_k1   | delta_lnE_k1   | PriorVol   | ndim   | N_read               | N_used               |
|-------------+----------+----------+----------+----------+---------------+--------------+----------------+------------+--------+----------------------+----------------------|
| base        | -6030.38 | -6030.31 | -6030.49 | -6030.24 | -6030.35      | 0.05         | 0.00           | 1.00       | 6      | 1988,1974,1981,1974, | 1988,1974,1981,1974, |
| base_r      | -6034.26 | -6034.16 | -6034.10 | -6034.20 | -6034.18      | 0.03         | -3.83          | 3.00       | 7      | 4361,4354,4336,4347, | 4361,4354,4336,4347, |
| base_nrun_r | -6038.46 | -6038.53 | -6038.59 | -6038.50 | -6038.52      | 0.03         | -8.16          | 6.00       | 8      | 3819,3792,3799,3799, | 3819,3792,3799,3799, |
+-------------+----------+----------+----------+----------+---------------+--------------+----------------+------------+--------+----------------------+----------------------+

************ plikHM_TT_lowTEB_lensing_BAO_post_H070p6 ************
+----------------------+----------+----------+----------+----------+---------------+--------------+----------------+------------+--------+----------------------+----------------------+
|                      | chain1   | chain2   | chain3   | chain4   | Mean_lnE_k1   | Err_lnE_k1   | delta_lnE_k1   | PriorVol   | ndim   | N_read               | N_used               |
|----------------------+----------+----------+----------+----------+---------------+--------------+----------------+------------+--------+----------------------+----------------------|
| base_mnu             | -5679.81 | -5679.69 | -5679.63 | -5679.74 | -5679.72      | 0.04         | 0.00           | 2.82       | 7      | 2882,2876,2877,2873, | 2882,2876,2877,2873, |
| base_nnu_meffsterile | -5681.42 | -5681.55 | -5681.59 | -5681.51 | -5681.52      | 0.04         | -1.80          | 11.77      | 8      | 7095,7049,7087,7073, | 7095,7049,7087,7073, |
+----------------------+----------+----------+----------+----------+---------------+--------------+----------------+------------+--------+----------------------+----------------------+

************ plikHM_TT_lowTEB_lensing_BAO_post_H070p6_JLA ************
+----------------------+----------+----------+----------+----------+---------------+--------------+----------------+------------+--------+----------------------+----------------------+
|                      | chain1   | chain2   | chain3   | chain4   | Mean_lnE_k1   | Err_lnE_k1   | delta_lnE_k1   | PriorVol   | ndim   | N_read               | N_used               |
|----------------------+----------+----------+----------+----------+---------------+--------------+----------------+------------+--------+----------------------+----------------------|
| base_mnu             | -6033.18 | -6033.05 | -6032.99 | -6033.10 | -6033.08      | 0.04         | 0.00           | 2.82       | 7      | 2882,2876,2877,2873, | 2882,2876,2877,2873, |
| base_nnu_meffsterile | -6034.77 | -6034.90 | -6034.94 | -6034.86 | -6034.87      | 0.04         | -1.79          | 11.77      | 8      | 7095,7049,7087,7073, | 7095,7049,7087,7073, |
+----------------------+----------+----------+----------+----------+---------------+--------------+----------------+------------+--------+----------------------+----------------------+

************ plikHM_TTTEEE_lowTEB ************
+----------------------+----------+----------+----------+----------+---------------+--------------+----------------+------------+--------+--------------------------+--------------------------+
|                      | chain1   | chain2   | chain3   | chain4   | Mean_lnE_k1   | Err_lnE_k1   | delta_lnE_k1   | PriorVol   | ndim   | N_read                   | N_used                   |
|----------------------+----------+----------+----------+----------+---------------+--------------+----------------+------------+--------+--------------------------+--------------------------|
| base                 | -6510.74 | -6510.51 | -6510.49 | -6510.52 | -6510.56      | 0.06         | -0.32          | 1.00       | 6      | 11534,11459,11627,11359, | 11534,11459,11627,11359, |
| base_omegak          | -6510.22 | -6510.40 | -6510.30 | -6510.05 | -6510.24      | 0.07         | 0.00           | 0.60       | 7      | 7276,7354,7373,7241,     | 7276,7354,7373,7241,     |
| base_Alens           | -6512.29 | -6512.38 | -6512.39 | -6512.40 | -6512.36      | 0.02         | -2.12          | 10.00      | 7      | 12406,12496,12447,12404, | 12406,12496,12447,12404, |
| base_Alensf          | -6512.32 | -6512.24 | -6512.41 | -6512.33 | -6512.32      | 0.04         | -2.08          | 10.00      | 7      | 8222,8262,8163,8217,     | 8222,8262,8163,8217,     |
| base_nnu             | -6513.46 | -6513.58 | -6513.53 | -6513.56 | -6513.53      | 0.03         | -3.29          | 9.95       | 7      | 14077,14124,14082,14137, | 14077,14124,14082,14137, |
| base_mnu             | -6513.47 | -6513.73 | -6513.89 | -6513.52 | -6513.65      | 0.10         | -3.41          | 5.00       | 7      | 16355,16217,16425,16296, | 16355,16217,16425,16296, |
| base_nrun            | -6515.11 | -6515.40 | -6515.12 | -6515.07 | -6515.17      | 0.08         | -4.93          | 2.00       | 7      | 11624,11633,11655,11576, | 11624,11633,11655,11576, |
| base_r               | -6514.83 | -6514.69 | -6514.70 | -6514.78 | -6514.75      | 0.03         | -4.51          | 3.00       | 7      | 12975,13013,13020,13064, | 12975,13013,13020,13064, |
| base_w               | -6510.92 | -6510.96 | -6510.92 | -6510.83 | -6510.91      | 0.03         | -0.66          | 4.00       | 7      | 9513,9662,9653,9566,     | 9513,9662,9653,9566,     |
| base_alpha1          | -6518.32 | -6518.15 | -6518.04 | -6518.44 | -6518.24      | 0.09         | -7.99          | 2.00       | 7      | 15127,15254,15298,14787, | 15127,15254,15298,14787, |
| base_yhe             | -6513.21 | -6513.32 | -6513.08 | -6512.90 | -6513.13      | 0.09         | -2.88          | 0.40       | 7      | 12047,12064,12123,12045, | 12047,12064,12123,12045, |
| base_nnu_mnu         | -6517.11 | -6516.98 | -6516.77 | -6516.85 | -6516.93      | 0.07         | -6.69          | 49.75      | 8      | 17085,17230,17115,17207, | 17085,17230,17115,17207, |
| base_nrun_r          | -6519.29 | -6519.21 | -6519.30 | -6519.33 | -6519.28      | 0.03         | -9.04          | 6.00       | 8      | 16174,15896,16415,16299, | 16174,15896,16415,16299, |
| base_nnu_yhe         | -6515.25 | -6515.23 | -6515.57 | -6515.79 | -6515.46      | 0.13         | -5.22          | 3.98       | 8      | 15723,15767,15825,15680, | 15723,15767,15825,15680, |
| base_nnu_meffsterile | -6516.96 | -6517.17 | -6517.11 | -6517.24 | -6517.12      | 0.06         | -6.88          | 20.86      | 8      | 10080,10302,10094,10181, | 10080,10302,10094,10181, |
+----------------------+----------+----------+----------+----------+---------------+--------------+----------------+------------+--------+--------------------------+--------------------------+

************ plikHM_TTTEEE_lowTEB_post_BAO ************
+--------------+----------+----------+----------+----------+---------------+--------------+----------------+------------+--------+----------------------+----------------------+
|              | chain1   | chain2   | chain3   | chain4   | Mean_lnE_k1   | Err_lnE_k1   | delta_lnE_k1   | PriorVol   | ndim   | N_read               | N_used               |
|--------------+----------+----------+----------+----------+---------------+--------------+----------------+------------+--------+----------------------+----------------------|
| base         | -6513.07 | -6512.95 | -6513.02 | -6513.13 | -6513.04      | 0.04         | 0.00           | 1.00       | 6      | 2664,2663,2654,2645, | 2664,2663,2654,2645, |
| base_Alens   | -6514.43 | -6514.28 | -6514.65 | -6514.45 | -6514.45      | 0.08         | -1.41          | 10.00      | 7      | 2852,2849,2868,2846, | 2852,2849,2868,2846, |
| base_nrun    | -6517.42 | -6517.54 | -6517.47 | -6517.48 | -6517.48      | 0.02         | -4.43          | 2.00       | 7      | 2667,2646,2687,2659, | 2667,2646,2687,2659, |
| base_r       | -6517.12 | -6516.96 | -6517.28 | -6516.65 | -6517.00      | 0.14         | -3.96          | 3.00       | 7      | 3223,3157,3159,3160, | 3223,3157,3159,3160, |
| base_alpha1  | -6520.58 | -6520.68 | -6520.51 | -6520.38 | -6520.54      | 0.06         | -7.50          | 2.00       | 7      | 3726,3825,3793,3705, | 3726,3825,3793,3705, |
| base_yhe     | -6515.48 | -6515.54 | -6515.27 | -6515.36 | -6515.41      | 0.06         | -2.37          | 0.40       | 7      | 2750,2713,2757,2722, | 2750,2713,2757,2722, |
| base_nnu_mnu | -6519.59 | -6519.46 | -6519.51 | -6519.49 | -6519.51      | 0.03         | -6.47          | 49.75      | 8      | 4347,4326,4295,4281, | 4347,4326,4295,4281, |
| base_nrun_r  | -6521.13 | -6521.44 | -6521.07 | -6521.00 | -6521.16      | 0.10         | -8.12          | 6.00       | 8      | 3957,3851,3951,3953, | 3957,3851,3951,3953, |
| base_nnu_yhe | -6517.48 | -6517.83 | -6517.57 | -6517.68 | -6517.64      | 0.07         | -4.60          | 3.98       | 8      | 3756,3732,3739,3715, | 3756,3732,3739,3715, |
+--------------+----------+----------+----------+----------+---------------+--------------+----------------+------------+--------+----------------------+----------------------+

************ plikHM_TTTEEE_lowTEB_post_lensing ************
+--------------+----------+----------+----------+----------+---------------+--------------+----------------+------------+--------+----------------------+----------------------+
|              | chain1   | chain2   | chain3   | chain4   | Mean_lnE_k1   | Err_lnE_k1   | delta_lnE_k1   | PriorVol   | ndim   | N_read               | N_used               |
|--------------+----------+----------+----------+----------+---------------+--------------+----------------+------------+--------+----------------------+----------------------|
| base_nnu     | -6518.61 | -6518.77 | -6518.95 | -6518.79 | -6518.78      | 0.07         | -1.73          | 5.61       | 7      | 3207,3263,3251,3279, | 3207,3263,3251,3279, |
| base_nrun    | -6520.68 | -6520.92 | -6520.88 | -6520.97 | -6520.86      | 0.06         | -3.81          | 1.13       | 7      | 2667,2646,2687,2659, | 2667,2646,2687,2659, |
| base_w       | -6516.98 | -6516.83 | -6517.04 | -6517.35 | -6517.05      | 0.11         | 0.00           | 2.26       | 7      | 2287,2262,2265,2278, | 2287,2262,2265,2278, |
| base_alpha1  | -6523.34 | -6523.48 | -6523.23 | -6523.06 | -6523.28      | 0.09         | -6.23          | 1.13       | 7      | 3726,3825,3793,3705, | 3726,3825,3793,3705, |
| base_yhe     | -6518.66 | -6518.68 | -6518.43 | -6518.52 | -6518.57      | 0.06         | -1.52          | 0.23       | 7      | 2750,2713,2757,2722, | 2750,2713,2757,2722, |
| base_nnu_yhe | -6520.34 | -6520.60 | -6520.38 | -6520.46 | -6520.45      | 0.06         | -3.40          | 2.25       | 8      | 3756,3732,3739,3715, | 3756,3732,3739,3715, |
+--------------+----------+----------+----------+----------+---------------+--------------+----------------+------------+--------+----------------------+----------------------+

************ plikHM_TTTEEE_lowTEB_post_H070p6 ************
+--------------+----------+----------+----------+----------+---------------+--------------+----------------+------------+--------+----------------------+----------------------+
|              | chain1   | chain2   | chain3   | chain4   | Mean_lnE_k1   | Err_lnE_k1   | delta_lnE_k1   | PriorVol   | ndim   | N_read               | N_used               |
|--------------+----------+----------+----------+----------+---------------+--------------+----------------+------------+--------+----------------------+----------------------|
| base         | -6510.89 | -6510.76 | -6510.86 | -6510.98 | -6510.87      | 0.04         | 0.00           | 1.00       | 6      | 2664,2663,2654,2645, | 2664,2663,2654,2645, |
| base_Alens   | -6512.21 | -6512.07 | -6512.42 | -6512.25 | -6512.24      | 0.07         | -1.36          | 10.00      | 7      | 2852,2849,2868,2846, | 2852,2849,2868,2846, |
| base_nnu     | -6513.65 | -6513.72 | -6513.94 | -6513.76 | -6513.77      | 0.06         | -2.89          | 9.95       | 7      | 3207,3263,3251,3279, | 3207,3263,3251,3279, |
| base_mnu     | -6514.11 | -6513.86 | -6514.09 | -6513.98 | -6514.01      | 0.06         | -3.14          | 5.00       | 7      | 4178,4143,4108,4166, | 4178,4143,4108,4166, |
| base_nrun    | -6515.26 | -6515.36 | -6515.27 | -6515.29 | -6515.30      | 0.02         | -4.42          | 2.00       | 7      | 2667,2646,2687,2659, | 2667,2646,2687,2659, |
| base_r       | -6514.97 | -6514.82 | -6515.12 | -6514.50 | -6514.85      | 0.13         | -3.98          | 3.00       | 7      | 3223,3157,3159,3160, | 3223,3157,3159,3160, |
| base_w       | -6512.62 | -6512.36 | -6512.58 | -6512.99 | -6512.64      | 0.13         | -1.76          | 4.00       | 7      | 2287,2262,2265,2278, | 2287,2262,2265,2278, |
| base_alpha1  | -6518.36 | -6518.44 | -6518.27 | -6518.17 | -6518.31      | 0.06         | -7.44          | 2.00       | 7      | 3726,3825,3793,3705, | 3726,3825,3793,3705, |
| base_yhe     | -6513.30 | -6513.35 | -6513.10 | -6513.18 | -6513.23      | 0.06         | -2.36          | 0.40       | 7      | 2750,2713,2757,2722, | 2750,2713,2757,2722, |
| base_nnu_mnu | -6517.17 | -6517.06 | -6517.17 | -6517.10 | -6517.12      | 0.03         | -6.25          | 49.75      | 8      | 4403,4397,4405,4367, | 4403,4397,4405,4367, |
| base_nrun_r  | -6518.97 | -6519.28 | -6518.92 | -6518.84 | -6519.00      | 0.10         | -8.13          | 6.00       | 8      | 3957,3851,3951,3953, | 3957,3851,3951,3953, |
| base_nnu_yhe | -6515.53 | -6515.86 | -6515.60 | -6515.74 | -6515.68      | 0.07         | -4.81          | 3.98       | 8      | 3756,3732,3739,3715, | 3756,3732,3739,3715, |
+--------------+----------+----------+----------+----------+---------------+--------------+----------------+------------+--------+----------------------+----------------------+

************ plikHM_TTTEEE_lowTEB_post_JLA ************
+-------------+----------+----------+----------+----------+---------------+--------------+----------------+------------+--------+----------------------+----------------------+
|             | chain1   | chain2   | chain3   | chain4   | Mean_lnE_k1   | Err_lnE_k1   | delta_lnE_k1   | PriorVol   | ndim   | N_read               | N_used               |
|-------------+----------+----------+----------+----------+---------------+--------------+----------------+------------+--------+----------------------+----------------------|
| base        | -6863.85 | -6863.73 | -6863.82 | -6863.94 | -6863.83      | 0.04         | 0.00           | 1.00       | 6      | 2664,2663,2654,2645, | 2664,2663,2654,2645, |
| base_Alens  | -6865.23 | -6865.08 | -6865.44 | -6865.26 | -6865.25      | 0.07         | -1.42          | 10.00      | 7      | 2852,2849,2868,2846, | 2852,2849,2868,2846, |
| base_nnu    | -6866.54 | -6866.63 | -6866.83 | -6866.64 | -6866.66      | 0.06         | -2.82          | 9.95       | 7      | 3207,3263,3251,3279, | 3207,3263,3251,3279, |
| base_mnu    | -6867.07 | -6866.81 | -6867.04 | -6866.93 | -6866.96      | 0.06         | -3.13          | 5.00       | 7      | 4178,4143,4108,4166, | 4178,4143,4108,4166, |
| base_nrun   | -6868.22 | -6868.33 | -6868.24 | -6868.26 | -6868.26      | 0.02         | -4.43          | 2.00       | 7      | 2667,2646,2687,2659, | 2667,2646,2687,2659, |
| base_r      | -6867.93 | -6867.78 | -6868.08 | -6867.46 | -6867.81      | 0.13         | -3.98          | 3.00       | 7      | 3223,3157,3159,3160, | 3223,3157,3159,3160, |
| base_alpha1 | -6871.35 | -6871.43 | -6871.26 | -6871.16 | -6871.30      | 0.06         | -7.46          | 2.00       | 7      | 3726,3825,3793,3705, | 3726,3825,3793,3705, |
| base_yhe    | -6866.27 | -6866.34 | -6866.08 | -6866.16 | -6866.21      | 0.06         | -2.38          | 0.40       | 7      | 2750,2713,2757,2722, | 2750,2713,2757,2722, |
| base_nrun_r | -6871.94 | -6872.25 | -6871.89 | -6871.81 | -6871.97      | 0.10         | -8.14          | 6.00       | 8      | 3957,3851,3951,3953, | 3957,3851,3951,3953, |
+-------------+----------+----------+----------+----------+---------------+--------------+----------------+------------+--------+----------------------+----------------------+

************ plikHM_TTTEEE_lowTEB_post_zre6p5 ************
+-------------+----------+----------+----------+----------+---------------+--------------+----------------+------------+--------+----------------------+----------------------+
|             | chain1   | chain2   | chain3   | chain4   | Mean_lnE_k1   | Err_lnE_k1   | delta_lnE_k1   | PriorVol   | ndim   | N_read               | N_used               |
|-------------+----------+----------+----------+----------+---------------+--------------+----------------+------------+--------+----------------------+----------------------|
| base        | -6510.40 | -6510.27 | -6510.39 | -6510.49 | -6510.39      | 0.05         | 0.00           | 1.00       | 6      | 2620,2618,2594,2610, | 2620,2618,2594,2610, |
| base_Alens  | -6511.99 | -6511.96 | -6512.13 | -6512.15 | -6512.05      | 0.05         | -1.66          | 10.00      | 7      | 2128,2117,2145,2116, | 2128,2117,2145,2116, |
| base_nnu    | -6513.13 | -6513.13 | -6513.32 | -6513.15 | -6513.18      | 0.05         | -2.79          | 9.95       | 7      | 3118,3183,3156,3208, | 3118,3183,3156,3208, |
| base_mnu    | -6513.36 | -6513.12 | -6513.42 | -6513.24 | -6513.29      | 0.07         | -2.90          | 5.00       | 7      | 4126,4093,4068,4112, | 4126,4093,4068,4112, |
| base_nrun   | -6514.77 | -6514.88 | -6514.78 | -6514.81 | -6514.81      | 0.03         | -4.42          | 2.00       | 7      | 2633,2607,2647,2632, | 2633,2607,2647,2632, |
| base_r      | -6514.48 | -6514.34 | -6514.63 | -6514.02 | -6514.37      | 0.13         | -3.98          | 3.00       | 7      | 3176,3108,3106,3106, | 3176,3108,3106,3106, |
| base_w      | -6510.53 | -6510.40 | -6510.73 | -6510.85 | -6510.63      | 0.10         | -0.24          | 4.00       | 7      | 2213,2195,2209,2223, | 2213,2195,2209,2223, |
| base_alpha1 | -6517.95 | -6518.02 | -6517.85 | -6517.75 | -6517.89      | 0.06         | -7.50          | 2.00       | 7      | 3675,3771,3726,3644, | 3675,3771,3726,3644, |
| base_yhe    | -6512.83 | -6512.90 | -6512.66 | -6512.74 | -6512.78      | 0.05         | -2.39          | 0.40       | 7      | 2709,2671,2723,2691, | 2709,2671,2723,2691, |
| base_nrun_r | -6518.49 | -6518.84 | -6518.46 | -6518.38 | -6518.54      | 0.10         | -8.15          | 6.00       | 8      | 3912,3816,3911,3902, | 3912,3816,3911,3902, |
+-------------+----------+----------+----------+----------+---------------+--------------+----------------+------------+--------+----------------------+----------------------+

************ plikHM_TTTEEE_lowTEB_post_BAO_H070p6_JLA ************
+--------------+----------+----------+----------+----------+---------------+--------------+----------------+------------+--------+----------------------+----------------------+
|              | chain1   | chain2   | chain3   | chain4   | Mean_lnE_k1   | Err_lnE_k1   | delta_lnE_k1   | PriorVol   | ndim   | N_read               | N_used               |
|--------------+----------+----------+----------+----------+---------------+--------------+----------------+------------+--------+----------------------+----------------------|
| base_nnu_mnu | -6872.84 | -6872.73 | -6872.75 | -6872.72 | -6872.76      | 0.03         | -1.62          | 28.06      | 8      | 4346,4325,4294,4280, | 4346,4325,4294,4280, |
| base_nnu_yhe | -6870.97 | -6871.31 | -6871.07 | -6871.21 | -6871.14      | 0.07         | 0.00           | 2.25       | 8      | 3755,3731,3738,3714, | 3755,3731,3738,3714, |
+--------------+----------+----------+----------+----------+---------------+--------------+----------------+------------+--------+----------------------+----------------------+

************ plikHM_TTTEEE_lowl_lensing ************
+----------+----------+----------+----------+----------+---------------+--------------+----------------+------------+--------+------------------------+------------------------+
|          | chain1   | chain2   | chain3   | chain4   | Mean_lnE_k1   | Err_lnE_k1   | delta_lnE_k1   | PriorVol   | ndim   | N_read                 | N_used                 |
|----------+----------+----------+----------+----------+---------------+--------------+----------------+------------+--------+------------------------+------------------------|
| base     | -1275.92 | -1275.73 | -1275.72 | -1276.07 | -1275.86      | 0.08         | 0.00           | 1.00       | 6      | 9474,9503,9583,9504,   | 9474,9503,9583,9504,   |
| base_mnu | -1277.95 | -1278.08 | -1278.21 | -1277.95 | -1278.05      | 0.06         | -2.19          | 5.00       | 7      | 9924,10037,10006,9990, | 9924,10037,10006,9990, |
+----------+----------+----------+----------+----------+---------------+--------------+----------------+------------+--------+------------------------+------------------------+

############## RootDirectory=COM_CosmoParams_fullGrid_R2.00 ########


************ plikHM_TTTEEE_lowl_lensing_post_BAO ************
+----------+----------+----------+----------+----------+---------------+--------------+----------------+------------+--------+----------------------+----------------------+
|          | chain1   | chain2   | chain3   | chain4   | Mean_lnE_k1   | Err_lnE_k1   | delta_lnE_k1   | PriorVol   | ndim   | N_read               | N_used               |
|----------+----------+----------+----------+----------+---------------+--------------+----------------+------------+--------+----------------------+----------------------|
| base     | -1278.05 | -1278.19 | -1278.24 | -1278.23 | -1278.18      | 0.04         | 0.00           | 1.00       | 6      | 2132,2122,2119,2139, | 2132,2122,2119,2139, |
| base_mnu | -1281.44 | -1281.47 | -1281.34 | -1281.09 | -1281.34      | 0.08         | -3.16          | 5.00       | 7      | 2209,2184,2218,2181, | 2209,2184,2218,2181, |
+----------+----------+----------+----------+----------+---------------+--------------+----------------+------------+--------+----------------------+----------------------+
